,x,y,coldetkey,personcount,pedcount,pedcylcount,vehcount,injuries,seriousinjuries,fatalities,seglanekey,crosswalkkey,year
x,1.0,-0.1567429406398735,0.005946733025439443,0.019351338042749213,0.01207247040369635,-0.0017390963667879022,0.005907772568244533,0.014828154613560894,-0.005317268823231588,0.00045635595069036327,-0.0003863349909414915,0.013918966983920407,0.006058022009651527
y,-0.1567429406398735,1.0,-0.024760895026214234,-0.029503540262668052,0.009013413500787139,0.023517461835554098,-0.016037457487401426,0.0018056146000839481,-0.002262425520118527,-0.0045324205131618564,0.003710755005886453,0.006969424872320515,-0.023615035479994644
coldetkey,0.005946733025439443,-0.024760895026214234,1.0,-0.06682506762774947,0.022474452906989566,0.024997081390383737,-0.11232441512495582,-0.00486035627206568,-0.0038366371223996832,-0.00024985667152862396,0.01542350657693937,0.043500164480951314,0.9744225710720644
personcount,0.019351338042749213,-0.029503540262668052,-0.06682506762774947,1.0,0.011429425795101573,-0.009348410040307,0.5589705573948567,0.3192064750194608,0.107478358960651,0.046370163829314553,-0.008433211198431042,-0.01042662748850578,-0.0666420453930487
pedcount,0.01207247040369635,0.009013413500787139,0.022474452906989566,0.011429425795101573,1.0,-0.01595158785899493,-0.15531127596494082,0.16745101955515698,0.132407031164492,0.07319125054918983,0.0012454999857978955,0.5544229119139769,0.022054202979177758
pedcylcount,-0.0017390963667879022,0.023517461835554098,0.024997081390383737,-0.009348410040307,-0.01595158785899493,1.0,-0.15160931357753157,0.12239427607199439,0.062267789046088214,0.011115663785845333,0.45653023196117404,0.10397270713010706,0.028066687232108974
vehcount,0.005907772568244533,-0.016037457487401426,-0.11232441512495582,0.5589705573948567,-0.15531127596494082,-0.15160931357753157,1.0,0.14258267625847626,-0.0032797938102855835,-0.010162325573921148,-0.07591258495306989,-0.12150100353296975,-0.10532146958822401
injuries,0.014828154613560894,0.0018056146000839481,-0.00486035627206568,0.3192064750194608,0.16745101955515698,0.12239427607199439,0.14258267625847626,1.0,0.2797158158260428,0.06738908082387289,0.05948699633335518,0.10074549105218752,-0.004406038547632135
seriousinjuries,-0.005317268823231588,-0.002262425520118527,-0.0038366371223996832,0.107478358960651,0.132407031164492,0.062267789046088214,-0.0032797938102855835,0.2797158158260428,1.0,0.17376468363643094,0.031594824825049966,0.0559650253265369,-0.004885899987009733
fatalities,0.00045635595069036327,-0.0045324205131618564,-0.00024985667152862396,0.046370163829314553,0.07319125054918983,0.011115663785845333,-0.010162325573921148,0.06738908082387289,0.17376468363643094,1.0,0.005142290972053268,0.03199809986189284,-0.0011851019561430686
seglanekey,-0.0003863349909414915,0.003710755005886453,0.01542350657693937,-0.008433211198431042,0.0012454999857978955,0.45653023196117404,-0.07591258495306989,0.05948699633335518,0.031594824825049966,0.005142290972053268,1.0,-0.00357200018753967,0.023829258701906806
crosswalkkey,0.013918966983920407,0.006969424872320515,0.043500164480951314,-0.01042662748850578,0.5544229119139769,0.10397270713010706,-0.12150100353296975,0.10074549105218752,0.0559650253265369,0.03199809986189284,-0.00357200018753967,1.0,0.05174537809254299
year,0.006058022009651527,-0.023615035479994644,0.9744225710720644,-0.0666420453930487,0.022054202979177758,0.028066687232108974,-0.10532146958822401,-0.004406038547632135,-0.004885899987009733,-0.0011851019561430686,0.023829258701906806,0.05174537809254299,1.0
